00000000000000000100000000100000
00000001001010100100000000100100
00000001011011000000000000011010
00000010000000000000000000001001
00000000000000001000100000010000
00000000000000001011000000010010
00000000110001110010100000001011
00000000000000010000000000001010
00000011010000000000000000010001
00000011011000000000000000010011
00000011000110010000000000011000
00000000000000000000000000000000
00000010110101111010100000100111
00000001010010110100100000100101
00000010000001100101100000100010
00000011101011011110000000100110
01110000010000110000000000000000
01110001000010010000000000000100
01110001001011001000100000000010
00100001001010000000000000000000
00110010100100000000000000000001
00010000000000000000000000000100
00010001001011100000000000000010
01010010001100100000000000000101
00011111000000000000000000000110
00011011001000000000000000001010
00010101001100110000000000000111
00111100000000010000000000000010
00110111111111100000000000000111
00111000010000110000000000000000
00001000000000000000000000000001
00000100000000010000000000000000
00000100000000000000000000000001
