00000000000000000000000000100000
00000000000000000000000000100100
00000000000000000000000000011010
00000000000000000000000000001001
00000000000000000000000000010000
00000000000000000000000000010010
00000000000000000000000000001011
00000000000000000000000000001010
00000000000000000000000000010001
00000000000000000000000000010011
00000000000000000000000000011000
00000000000000000000000000000000
00000000000000000000000000100111
00000000000000000000000000100101
00000000000000000000000000100010
00000000000000000000000000100110
01110000000000000000000000000000
01110000000000000000000000000100
01110000000000000000000000000010
00100000000000000000000000000000
00110000000000000000000000000001
00010000000000000000000000000100
00010000000000000000000000000010
01010000000000000000000000000101
00011100000000000000000000000110
00011000000000000000000000001010
00010100000000000000000000000111
00111100000000000000000000000010
00110100000000000000000000000111
00111000000000000000000000000000
00001000000000000000000000000001
00000100000000010000000000000000
00000100000000000000000000000001